0,560
69,6
69,5
69,4
69,3
69,2
69,1
69,0
68,6
68,5
68,4
68,3
68,2
68,1
68,0
67,6
67,5
67,4
67,3
67,2
67,1
67,0
66,4
66,3
66,2
66,1
66,0
65,3
65,2
65,1
65,0
64,3
64,2
0,559
64,1
64,0
0,558
0,557
63,4
63,3
63,2
63,1
63,0
62,4
62,3
62,2
62,1
62,0
0,556
61,4
61,3
61,2
61,1
61,0
60,4
60,3
60,2
60,1
60,0
59,4
59,3
59,2
59,1
59,0
58,4
58,3
58,2
58,1
58,0
57,4
57,3
57,2
57,1
57,0
56,4
56,3
56,2
56,1
56,0
0,555
55,3
55,2
55,1
55,0
54,4
0,554
54,3
54,2
54,1
54,0
53,4
53,3
53,2
53,1
53,0
52,4
52,3
52,2
52,1
52,0
51,5
51,4
51,3
51,2
51,1
51,0
50,3
50,2
50,1
50,0
49,4
0,553
49,3
49,2
49,1
49,0
48,3
48,2
48,1
48,0
0,552
0,551
0,550
0,549
0,548
0,547
0,546
47,6
47,5
47,4
47,3
47,2
47,1
47,0
0,545
46,6
46,5
46,4
46,3
46,2
46,1
46,0
0,544
45,6
45,5
0,543
45,4
45,3
45,2
45,1
45,0
0,542
0,541
0,540
44,4
44,3
44,2
44,1
44,0
0,539
0,538
0,537
0,536
0,535
43,3
43,2
43,1
43,0
42,3
42,2
42,1
42,0
0,534
0,533
41,4
41,3
41,2
41,1
41,0
0,532
40,4
40,3
40,2
40,1
40,0
0,531
0,530
0,529
0,528
0,527
0,526
39,4
39,3
39,2
0,525
39,1
39,0
38,4
38,3
38,2
38,1
38,0
37,4
37,3
37,2
37,1
37,0
36,4
36,3
36,2
0,524
36,1
36,0
35,4
0,523
0,522
0,521
35,3
35,2
35,1
35,0
0,520
0,519
34,4
0,518
0,517
34,3
34,2
34,1
34,0
0,516
33,3
33,2
33,1
33,0
0,515
0,514
32,4
0,513
32,3
32,2
0,512
32,1
32,0
0,511
0,510
31,4
0,509
31,3
31,2
31,1
31,0
0,508
0,507
30,4
30,3
30,2
30,1
30,0
0,506
0,505
29,5
0,504
29,4
0,503
29,3
29,2
29,1
29,0
28,3
28,2
0,502
28,1
28,0
27,4
27,3
27,2
0,501
27,1
27,0
26,3
26,2
26,1
26,0
0,500
0,499
0,498
0,497
0,496
0,495
0,494
0,493
0,492
0,491
0,490
0,489
0,488
0,487
0,486
0,485
0,484
0,483
0,482
0,481
0,480
0,479
0,478
0,477
0,476
0,475
0,474
0,473
0,472
0,471
25,6
25,5
25,4
25,3
25,2
0,470
25,1
25,0
0,469
0,468
0,467
0,466
0,465
0,464
0,463
24,6
24,5
24,4
24,3
24,2
0,462
24,1
24,0
0,461
0,460
0,459
23,6
0,458
0,457
23,5
0,456
0,455
0,454
23,4
0,453
23,3
23,2
0,452
23,1
23,0
0,451
0,450
0,449
0,448
0,447
0,446
0,445
0,444
0,443
0,442
22,4
22,3
22,2
0,441
22,1
22,0
0,440
0,439
0,438
0,437
0,436
0,435
0,434
0,433
0,432
0,431
0,430
21,3
21,2
21,1
21,0
0,429
20,3
20,2
0,428
20,1
20,0
0,427
0,426
0,425
0,424
0,423
0,422
0,421
0,420
0,419
0,418
19,4
19,3
19,2
19,1
19,0
0,417
0,416
18,4
0,415
18,3
18,2
0,414
18,1
18,0
0,413
0,412
0,411
0,410
0,409
0,408
0,407
0,406
0,405
0,404
0,403
0,402
17,4
17,3
17,2
0,401
17,1
17,0
0,400
0,399
0,398
16,4
0,397
0,396
0,395
16,3
16,2
0,394
16,1
16,0
0,393
0,392
0,391
15,4
0,390
0,389
0,388
15,3
15,2
0,387
15,1
15,0
0,386
0,385
0,384
14,4
0,383
0,382
0,381
14,3
14,2
0,380
14,1
14,0
0,379
0,378
0,377
0,376
13,4
0,375
0,374
0,373
13,3
13,2
0,372
13,1
13,0
0,371
0,370
0,369
0,368
12,4
0,367
0,366
0,365
12,3
12,2
0,364
12,1
12,0
0,363
0,362
11,3
11,2
0,361
11,1
11,0
0,360
0,359
0,358
10,4
0,357
0,356
0,355
10,3
10,2
0,354
10,1
10,0
0,353
0,352
0,351
0,350
0,349
0,348
9,4
0,347
0,346
0,345
9,3
9,2
0,344
9,1
9,0
0,343
0,342
0,341
8,4
0,340
0,339
0,338
8,3
8,2
0,337
8,1
8,0
0,336
0,335
0,334
0,333
7,5
0,332
0,331
0,330
0,329
7,4
0,328
0,327
0,326
7,3
7,2
0,325
7,1
7,0
0,324
0,323
0,322
6,3
6,2
0,321
6,1
6,0
0,320
0,319
0,318
5,4
0,317
0,316
0,243
5,3
5,2
5,1
5,0
4,3
4,2
0,9
4,1
4,0
3,3
3,1
3,0
2,3
2,1
2,0
1,3
1,1
1,0
0,310
0,305
0,308
0,307
0,302
0,304
0,303
0,12
0,10
0,8
0,0
0,300
0,299
0,298
0,297
0,296
0,295
0,294
0,293
0,292
0,291
0,290
0,289
0,288
0,287
0,286
0,285
0,284
0,283
0,282
0,281
0,280
0,279
0,278
0,277
0,276
0,275
0,274
0,273
0,272
0,271
0,270
0,269
0,268
0,267
0,266
0,265
0,264
0,263
0,262
0,261
0,260
0,259
0,258
0,257
0,256
0,255
0,254
0,253
0,252
0,251
0,250
0,249
0,248
0,247
0,246
0,245
0,244
0,242
0,241
0,240
0,239
0,238
0,237
0,236
0,235
0,234
0,233
0,232
0,231
0,230
0,229
0,228
0,227
0,226
0,225
0,224
0,223
0,222
0,221
0,220
0,219
0,218
0,217
0,216
0,215
0,214
0,213
0,212
0,211
0,210
0,209
0,208
0,207
0,206
0,205
0,204
0,203
0,202
0,201
0,200
0,199
0,198
0,197
0,196
0,195
0,194
0,193
0,192
0,63
0,62
0,61
0,60
0,59
0,58
0,57
0,56
0,55
0,54
0,53
0,52
0,315
0,51
0,314
0,50
0,313
0,49
0,312
0,48
0,311
0,47
0,309
0,46
0,306
0,45
0,301
0,6
0,5
0,1
0,11
0,4
0,2
0,3
0,7
